10
1 5.0 0.707 2.414 0.0 0.707 2.414 0.0 1.707 2.414 5.0 1.707 2.414
2 5.0 1.707 2.414 0.0 1.707 2.414 0.0 2.414 1.707 5.0 2.414 1.707
3 5.0 2.414 1.707 0.0 2.414 1.707 0.0 2.414 0.707 5.0 2.414 0.707
4 5.0 2.414 0.707 0.0 2.414 0.707 0.0 1.707 0.0 5.0 1.707 0.0
5 5.0 1.707 0.0 0.0 1.707 0.0 0.0 0.707 0.0 5.0 0.707 0.0
6 5.0 0.707 0.0 0.0 0.707 0.0 0.0 0.0 0.707 5.0 0.0 0.707
7 5.0 0.0 0.707 0.0 0.0 0.707 0.0 0.0 1.707 5.0 0.0 1.707
8 5.0 0.0 1.707 0.0 0.0 1.707 0.0 0.707 2.414 5.0 0.707 2.414
9 0.0 0.707 2.414 0.0 1.707 2.414 0.0 2.414 1.707 0.0 2.414 0.707 0.0 1.707 0.0 0.0 0.707 0.0 0.0 0.0 0.707 0.0 0.0 1.707
10 5.0 0.707 2.414 5.0 1.707 2.414 5.0 2.414 1.707 5.0 2.414 0.707 5.0 1.707 0.0 5.0 0.707 0.0 5.0 0.0 0.707 5.0 0.0 1.707
2.0 3.0 4.0
